,0
0,96
1,94
2,93
3,93
4,92
5,91
6,91
7,91
8,91
9,90
10,90
11,90
12,90
13,90
14,89
15,89
16,89
17,88
18,88
19,88
20,88
21,88
22,88
23,88
24,87
25,87
26,87
27,87
28,87
29,87
30,87
31,87
32,87
33,86
34,86
35,85
36,85
37,85
38,85
39,85
40,84
41,84
42,84
43,84
44,84
45,84
46,83
47,83
48,83
49,83
50,83
51,83
52,83
53,82
54,82
55,82
56,82
57,82
58,82
59,82
60,82
61,81
62,81
63,81
64,81
65,81
66,81
67,81
68,81
69,80
70,80
71,80
72,80
73,80
74,80
75,80
76,80
77,80
78,80
79,80
80,79
81,79
82,79
83,79
84,79
85,79
86,79
87,78
88,78
89,78
90,78
91,78
92,78
93,78
94,78
95,78
96,78
97,78
98,78
99,77
