,0
0,8.0
1,7.9
2,8.5
3,
4,7.7
5,
6,
7,
8,8.7
9,7.7
10,7.7
11,7.9
12,7.2
13,8.3
14,7.9
15,
16,7.7
17,
18,8.2
19,7.4
20,8.4
21,7.6
22,7.5
23,6.4
24,7.6
25,6.2
26,7.5
27,
28,7.1
29,7.4
30,7.8
31,8.7
32,5.2
33,8.2
34,7.6
35,7.0
36,7.4
37,5.7
38,6.7
39,8.4
40,7.4
41,7.3
42,7.0
43,6.3
44,
45,7.4
46,7.7
47,8.0
48,5.3
49,7.7
50,7.3
51,8.0
52,6.2
53,
54,8.2
55,7.4
56,
57,
58,8.0
59,5.3
60,5.8
61,7.0
62,7.0
63,7.0
64,7.7
65,6.5
66,6.9
67,5.7
68,7.5
69,7.0
70,7.9
71,
72,7.5
73,7.7
74,6.1
75,7.3
76,7.0
77,6.9
78,
79,7.3
80,7.1
81,7.6
82,7.4
83,6.7
84,7.6
85,6.4
86,5.9
87,
88,
89,8.6
90,
91,
92,5.2
93,7.4
94,7.0
95,7.8
96,
97,7.1
98,
99,7.4
